Abaco Plastico X 3 C-Tapa
14025
8047
13035
15118
6661
7222
8975
6481
11444
7640
9777
7201
14514
10541
11025
13984
10779
9793
11530
9751
13182
12177
8644
7429
11992
8715
8371
13875
14036
10303
6722
6586
14936
15406
15271
14119
9220
5833
7173
10896
12698
9023
10891
6818
10836
9411
9344
14042
6382
14515
8590
7779
9112
6581
12486
12193
15082
13947
10501
11601
12522
10864
10929
14335
15272
9858
12620
11778
11214
12926
14635
7616
7004
12323
8437
7653
8415
15145
10624
11272
11405
15158
14359
12702
14643
9431
6084
5990
9602
9698
14663
6530
8595
6977
12176
14869
6273
11675
15375
14708
8543
13689
14127
14525
7564
10065
6917
14374
12238
12275
8139
13907
6553
7319
13898
13550
7629
9762
14276
13312
11246
15439
14609
6994
11379
10517
14824
12100
7565
6914
6273
14739
9936
12705
10072
6494
14055
8684
6778
8563
9919
9282
Abaco Plastico X 4 C-Tapa
13755
18436
14873
14292
16621
11864
20285
15657
19944
11407
12675
13367
14745
19702
11194
14402
19773
13127
18767
16444
18442
14292
21265
15723
8261
17382
17963
20872
10942
8852
15067
17885
12652
13050
12989
14399
9334
13394
13833
15579
11276
19690
13197
19624
15709
18105
9885
8137
21142
9502
8753
11400
15664
8273
11785
8386
16547
16711
19119
12318
10507
16801
21142
10866
11198
12221
9444
14448
18031
11994
16191
14129
12377
12457
15207
14651
10611
16265
11284
12864
19357
21907
20071
18264
17717
13329
15676
17858
20977
14539
19647
16965
17820
13434
11627
10481
19956
11352
10975
12986
16505
9618
17417
10056
17927
15819
15880
8368
13129
11156
15084
13416
9520
8835
17848
15355
19578
16238
20655
20592
21476
13493
11285
18367
20689
15402
14622
9238
20710
14464
12909
16238
18063
12927
15557
12613
12741
18758
10725
13254
18886
15595
19767
15470
21280
20306
20135
19815
20513
15083
15160
21556
17591
18176
13829
11821
17611
13511
18990
14580
16564
20918
8678
17041
20967
21401
17344
17516
16814
10760
14394
8150
13353
14232
15087
Abaco Plastico X 4 Columnas
6839
5189
10458
11315
11003
10335
12833
5336
6243
5794
11194
13702
7748
13201
8061
12868
8239
12195
8368
9218
9056
11171
13212
5360
13238
9382
7241
11901
8575
11060
12511
12798
12220
7740
6607
12481
11734
9968
8549
5828
7215
10979
7218
7897
7854
10386
10692
7222
7884
8162
6181
9679
13208
12503
10501
11906
11004
8890
11644
5517
9787
9217
10422
12609
8360
11108
7124
11263
6118
11018
12660
9493
8017
11096
6964
5113
10278
12686
5223
12368
9541
9073
11998
13520
7468
11081
7487
10397
12037
5506
12340
5607
13000
13203
12511
7370
11516
5595
12009
10469
12018
11043
9380
10419
10176
10096
9099
5142
5158
5528
10145
10325
11567
9081
10213
13662
13581
8021
6431
11623
10140
12604
9969
11259
7017
8915
13669
6360
12302
10031
9140
12408
12829
7467
6122
13733
9876
6745
13252
7536
13193
10263
7325
5286
10325
11484
12191
13062
11275
13113
9266
9977
5359
7258
12704
5834
9391
8848
5255
5919
5553
10217
8455
13250
13090
12803
5895
5329
6397
Abaco Plastico X 5 C-Tapa
16793
18739
23236
11515
18496
26887
13695
27391
22489
26710
28238
28885
17801
26703
22957
23565
13667
13524
11441
11494
19998
17862
17879
19927
19930
13239
23419
16482
19218
25667
29470
15627
15345
23394
26133
24831
15012
28833
17846
26532
15666
14960
28128
22103
21253
11302
25992
15347
12162
27582
20106
23768
25694
29409
18052
28570
19130
20869
21705
15188
22194
21558
19817
27658
18149
17284
11494
17169
23404
12877
16899
25570
16167
28376
12926
17931
27790
22207
14667
28385
18825
13458
26765
24749
28172
13906
30179
17925
14933
12361
13677
27097
29603
27863
24404
24400
24591
17540
21008
26161
21336
18824
28218
19947
28766
28441
23844
26469
28737
12566
25752
Abaco Plastico X 6 C-Tapa
12346
13757
10367
23420
15001
19650
19149
17395
20329
21656
22978
10821
11005
17271
21870
19286
21180
21677
9377
16534
13822
21524
21944
24091
23989
22594
22712
10954
10255
18152
14162
13927
19636
16877
17204
9398
16969
17862
13506
14157
12984
16363
19779
19006
18860
14637
14205
15377
9773
19791
10747
17140
23314
13126
22274
22497
16553
16860
23219
16224
14949
19966
14237
23426
19887
11748
16373
19374
18816
22989
12953
20143
10530
21542
12590
22330
20547
12224
17623
17350
15452
20046
18347
12193
22762
12185
15670
19566
10805
22705
22168
23912
17710
12219
19450
22440
13516
16041
24080
23592
11145
10612
16284
15699
19786
10215
9129
10074
22552
23482
10800
16823
22102
13301
21375
9380
15836
22789
22725
24010
23849
22479
21323
11209
20886
11082
18188
17673
15860
22152
19610
14640
21046
14200
9835
16679
21065
22601
19618
24202
13139
17517
9083
24177
18498
18571
20994
21339
15382
12343
16359
11095
16888
12958
22029
12224
18613
24163
20747
9998
21277
18292
12280
22591
20659
15825
13570
16725
16090
22945
11020
21630
15783
23426
14099
16253
9232
18336
16186
22983
13258
21099
11659
15834
22640
21708
10331
17833
16285
9624
19684
18152
14774
9648
19140
22899
16041
13576
18229
20598
15704
22891
14549
20726
Abaco Plastico X 7 C-Tapa
43692
25527
28386
32729
41780
35583
17306
17677
19600
29172
31290
40903
39245
39374
22129
35805
23237
29322
20066
17224
41717
35069
21710
42976
37766
18290
19763
22424
34355
32202
19351
24391
27413
44196
29164
41907
27537
34144
36417
20452
39999
26281
44417
22540
38923
32126
34756
21059
19156
39476
26127
33203
21680
30394
29481
38891
32172
29045
24134
43172
36203
28583
29212
35210
17217
22610
25618
35025
25115
20262
16991
42224
20688
34094
28792
22704
32639
19332
27168
19107
25798
30326
29491
39977
33598
19169
34756
25206
26147
19369
42555
32883
27778
20147
26194
41476
22788
25097
22197
24424
31506
39358
17476
42965
39479
43672
19416
21322
28516
38875
19176
18520
27441
34724
27691
20531
18475
39009
Abro Rexon Ps 410
6223
4860
10521
9170
8669
8251
7346
7645
8207
9806
10445
4644
10871
6968
10752
7405
6508
9384
8452
9645
4335
6586
5772
10823
6096
5566
7501
7805
11257
9358
10370
9923
9324
10943
5431
6310
8697
8481
8540
6158
6119
4705
5647
8331
9339
9412
6162
6027
8672
7679
4457
5300
9709
7194
7300
5125
10686
6127
5851
8219
11340
7129
7339
4703
7136
5370
9834
4861
8513
9506
7343
7506
9442
5197
9435
6543
8175
9552
4640
11349
4461
9603
7944
6446
9601
6383
4829
10493
4347
9515
9684
8306
8756
8025
9961
4740
10297
5656
11095
6527
5722
5020
8046
6118
4601
6566
5250
10112
11228
10543
4910
8479
7387
10472
4667
8373
10858
4861
8506
10297
5014
7803
10042
7601
9072
10385
10447
7363
11061
11294
7839
6732
5494
11188
10392
8568
6722
11385
9028
Abrochadora Filgo Universal Nº10 910
28677
32444
15362
35613
19463
19786
18570
23443
26972
26114
20515
31311
36352
36491
20849
21410
37582
31756
38162
28333
20788
37021
37912
27524
31941
25926
20606
33354
27941
26002
19387
40118
28057
22755
24519
36890
30148
30370
23994
37423
27507
27510
17156
17126
31232
17279
32021
31098
38111
16249
29275
27899
38167
31837
28017
29510
36099
35522
39205
30190
22219
27743
24713
36544
22532
33551
22917
36839
37575
32094
25104
17992
34776
22248
16970
16342
19889
32407
25633
19595
34473
31873
26653
37485
19719
16719
27890
18188
29384
38125
37383
15434
23394
35942
26157
34795
35301
37608
31134
16778
25506
17761
24196
38466
23346
39877
18470
36923
16860
24032
16153
36434
32335
34656
35464
18953
23351
30758
36555
37067
19092
18902
27303
19397
38779
27758
Abrochadora Aifa Nº 24/6/6 Hs2005-10
28223
21156
11974
23084
30158
21959
27104
29521
18452
29426
21588
27021
17913
17955
19257
20060
32059
14484
31022
29635
16739
31823
23563
15700
17814
18871
12703
29106
24267
18499
28081
19480
27703
31348
Abrochadora Aifa Nº 24/6/6 Hs550-30
32470
14110
25857
16361
17045
20893
19989
17048
25081
22731
22583
28257
20366
31176
32583
22165
31234
24055
32441
23285
29901
31077
31043
18425
24571
17231
24534
29140
34726
23241
27054
20815
27737
21542
30476
28214
21093
33267
19286
14495
17848
16696
28187
17113
15176
15428
30038
24682
26563
28152
21681
26757
18662
25343
16186
18475
33864
33210
26520
18565
16544
25141
26027
33649
29128
16619
19956
21669
16514
22144
18612
13179
34675
33036
20229
23561
20844
23318
18127
17302
22028
17187
32052
16175
26349
19348
34953
20225
24679
22046
28710
15195
22257
24817
31058
14274
30609
12973
17928
33745
24303
18936
21260
33520
34133
27911
26321
19614
34050
18096
24627
29326
26730
28926
13722
20736
27797
34432
14772
16445
15760
24131
31640
29753
31004
33701
29296
28816
19317
23733
21395
27755
29689
33633
24736
31707
25942
28625
19835
28646
28131
30247
23030
26954
32011
Abrochadora Aifa Nº 24/6/6 Hs604-30
23456
17940
30243
22473
17775
31504
21638
27848
27296
22777
27864
20024
27886
13963
24577
13358
32760
22779
18078
19829
20864
23265
25044
17363
15486
20470
29629
31720
24826
22072
19979
23427
26865
20078
30833
12934
20737
22140
28068
27358
13170
33595
17216
18002
31969
14102
25851
20709
33190
22393
15645
29830
26646
18303
13035
14371
31816
22037
13051
32688
12750
18693
24246
25141
33771
22639
34068
18917
21626
26233
21368
29969
15055
14494
12769
13855
28386
23299
23049
14034
22726
25414
16314
18303
18471
26877
27174
19766
20389
19027
14209
13812
27861
29000
21294
32504
30162
19078
14492
14447
25426
13578
21366
15632
28714
16019
31802
16379
27195
31532
27087
29949
12739
21405
19763
33609
31331
14297
15457
27689
24446
13401
23291
25614
31275
32371
21544
25883
29339
23530
29746
33513
34067
26767
15429
25519
25837
28231
29847
29542
21402
25974
17459
28178
15467
15698
17059
19251
30908
24169
16797
29295
14593
29255
32082
22146
16533
23923
31330
25533
34052
33661
29772
17667
26635
28464
19578
16892
16687
30928
14823
25176
21463
27837
23422
15378
17370
19939
21970
24278
26004
20123
31325
28111
28311
33671
15494
31304
15843
15848
16311
29549
22805
23350
30957
22627
18598
16515
26874
32623
32688
22590
24096
29127
23073
28057
22934
31397
33712
14982
21908
33585
18188
19943
27252
32127
20334
30307
32295
22986
19650
22009
14266
31667
32500
14497
21715
Abrochadora Aifa Nº 24/6/6 Hs800-30
17394
6980
10117
12919
17448
17382
9438
12596
15044
14680
12489
13066
15309
8867
11658
16864
15266
14048
10584
14160
17786
12335
9384
10307
8411
10297
16867
9519
6798
13670
15707
11715
13433
9308
8515
6784
12653
13760
15265
16835
9994
17343
8493
9596
17932
15561
15230
17940
7302
14910
6883
15832
7426
13833
15149
14666
10560
8963
13469
7035
10611
9293
17011
8975
10004
9093
9741
9926
10589
14762
12788
9615
9630
11055
11186
13701
9465
10902
13741
9911
10067
15442
9637
10566
15172
14400
17340
10011
17719
10743
9318
15052
16677
10462
14414
10108
13416
9305
8264
17821
11633
13771
16280
13828
9907
6820
10530
17272
14017
10783
7539
9373
8828
9322
17050
15978
6899
8568
13718
Abrochadora Aifa Nº10 Hs851-100
16900
27697
25211
15546
20439
21653
13137
22147
27199
20663
13573
16519
14465
13924
22600
28022
14912
18624
25438
24053
24822
16576
18071
11465
15037
25191
24632
15913
25650
27288
20934
17186
26723
14799
20069
25485
11893
23597
24492
16790
21744
22760
25042
22368
23927
26399
16117
27638
14088
12962
13891
18331
18078
23322
25998
26497
10463
13211
22657
15020
27490
18217
12189
22496
23648
23603
18783
25433
22241
26203
11160
26526
14552
15200
23944
18484
21723
23411
20856
19966
20869
27927
14160
25490
25479
10985
16501
23590
15316
11776
18176
12188
20426
22401
18499
19117
22475
13397
22660
24203
14487
25570
25546
13491
19786
19446
22319
14503
25252
21145
20297
19319
21784
14464
27652
27005
14530
26380
18962
14424
20048
23644
25275
11406
20098
12212
20229
14552
26943
22720
12523
18082
15962
15173
22277
18990
12751
21321
23763
13887
17419
14486
24085
22777
26194
17819
22864
20076
22860
19673
25062
21248
23186
18281
10420
14734
27070
25698
17927
15335
18345
15631
19098
27747
13155
26914
11026
19269
12115
22026
15423
23749
21273
14479
25945
22463
19349
25806
15389
20293
26997
11078
16906
21537
25336
20437
23447
27210
25149
14210
13204
25887
14936
18177
20502
16135
22866
18823
10454
27112
18611
20593
21220
19893
22633
25091
10409
18420
19879
22822
13387
27399
11229
27367
26826
23992
15292
24496
26311
19567
11884
23168
17958
13896
14825
16458
25545
22277
27470
24947
15227
11894
13982
23777
14639
15544
23246
26422
15953
17637
23136
24350
20640
27841
24312
21973
17274
18458
15672
Abrochadora Chica Metal Max 10 Hd-10
7496
5771
8425
6375
4519
8286
7136
5201
3698
8491
6288
8377
7659
8552
6914
7359
5838
8013
7089
8276
4396
7702
5782
8685
9084
5118
3565
4181
8451
4618
7602
5836
4848
3974
8492
4522
4021
6443
6799
6979
4080
8775
4414
8774
3592
5645
7309
6013
9496
7071
9035
3598
9209
7001
4918
8378
6146
7372
5442
6713
7336
8687
9392
8253
5104
8868
6581
4201
4215
Abrochadora Chica Plastica Nº725
6737
7732
6534
3298
6806
3277
3804
5472
6958
6605
6690
6831
7318
7414
6807
3273
7856
4653
3372
4489
6766
7891
7500
3641
4259
5928
7164
5629
4600
5131
6307
4459
3823
4159
6993
3246
3907
7495
4669
4450
7846
3949
5821
7964
7795
3691
3981
7446
7978
7292
6562
7432
7382
6223
7202
6191
6428
5978
6848
5118
7731
7063
3287
4427
3389
4007
4550
7844
7061
6615
8181
4164
3831
5273
7200
8089
6528
4447
5811
5765
3692
3208
3430
4900
5053
7469
3303
4872
8324
3350
3375
4084
5120
5514
8381
3287
5672
7032
3674
4625
3757
6243
5071
7039
7663
4306
6172
6731
7393
3534
4840
7109
7113
4658
4173
7569
7370
4729
8086
5906
5579
4623
6430
5863
7588
6912
5996
5788
6662
4168
3565
5626
4231